7
0
1
1
0
0
0
0
4787752210377784638185782202309703740220005532072798803279602030073053938926
9463449900165070530582928985837496759267409461618965454695244042408091718609
5986635246472534132175502617673117014738746499592205072821463715731418659371
8853298897620823763906180609352684772451908026138010220925454172717743883187
1933982880071921026273550090440788876641415335203606753923681411209973186361
2907079543257994020673046827242707073452894466074795776264569335195053204807
7932631822047370142818725056597418106954459745534897654495098417570546109918
18745966573174798178210003552932894555728768215873216755506536980868645504105
15462633534304691633606898770160922860730640673648521240199691101055402234400
16363397982949671908351669761917200280944103531454946907776208314612452852365
17022043875114549648079803485320661343805286998494928883702442962390742060051
5770858906176705739332964117494107698181240842713855836044415180929382304200
13797594968557479305559462819010081152256145227455005588414511329664539415141
6339059747795257535296266697760079739212231812992836566404083213753122665173
14292450081583578631636947201756329942770897315961267349003808842599256381673
16678342639469165814984650155351287254815033131526719957875030754753542219689
11124493849810733667779126716368837974009926489391368310529135893701031530294
20126002071560926218566583343060561680788508533844311005321995478105469632429